456789
123456789
1234
23456789
23456789
345789
12346789
12346789
89
456789
123456789
1234
23456789
23456789
345789
12
12
89
123456789
123456789
1234567
1234567
1234567
1234567
12346789
12346789
123456
123456789
123456789
23456789
123567
123456789
123456789
123456789
123456
123456
123456789
12345678
23456789
123567
123456789
123456789
123456789
1245
1245
12345678
12345678
23456789
56789
123567
123456789
123456789
123456789
123456789
123456789
123456789
56789
56789
123567
123456789
123456789
123456789
123456789
123456789
123456789
123456789
123456789
12345678
12346789
12346789
123456789
123456789
123456789
123456789
123456789
123456789
12345678
12346789
12346789
123456789
123456789