123456789
123456789
123456789
123456789
123456789
123456789
123456789
12346789
12346789
123456789
123
123456789
123456789
123456789
12345
123456789
12346789
12346789
123456789
123
79
79
12345
12345
123456789
123456789
123456789
123456789
123
12346789
12346789
12345678
12345678
123456789
123456789
123456789
123456789
345789
345789
5689
1245
23456789
23456789
12345678
123456789
123456789
12345678
12345678
5689
1245
23456789
123567
12345678
123456789
123456789
123456789
12345678
123456789
123456789
123456789
123567
12345678
123456789
123456789
123456789
12345678
123456789
123456789
123456789
123456789
12345678
12345678
123567
123567
123567
123567
345789
345789
123456789
123456789
12345678