123456789
12345678
12345678
123456789
123456789
123456789
123456789
123456789
123456789
123456789
123456789
123456789
123456789
123456789
123456789
123456789
123456789
123456789
123456789
123456789
123456789
123456789
123456789
123456
123456
123456789
123456789
123456789
123456789
123456789
123567
123567
1234
1234
456789
123567
12
12
123456789
123456789
123456789
79
23456789
456789
123567
123456789
123456789
12346789
12346789
123456789
79
23456789
123456789
12345678
123456789
123456789
79
79
23456789
23456789
23456789
123456789
12345678
23456789
23456789
123567
13
456789
123456789
123456789
123456789
12345678
12346789
12346789
123567
13
456789
123456789
123456789
123456789
123456789
